solid OpenSCAD_Model
  facet normal 0 0 1
    outer loop
      vertex 2.7059805007309854 2.7059805007309854 9.238795325112868
      vertex 2.7059805007309854 -2.7059805007309854 9.238795325112868
      vertex 3.826834323650898 0 9.238795325112868
    endloop
  endfacet
  facet normal 0 0 1
    outer loop
      vertex 0 3.826834323650898 9.238795325112868
      vertex 2.7059805007309854 -2.7059805007309854 9.238795325112868
      vertex 2.7059805007309854 2.7059805007309854 9.238795325112868
    endloop
  endfacet
  facet normal 0 0 1
    outer loop
      vertex 0 3.826834323650898 9.238795325112868
      vertex 0 -3.826834323650898 9.238795325112868
      vertex 2.7059805007309854 -2.7059805007309854 9.238795325112868
    endloop
  endfacet
  facet normal 0 0 1
    outer loop
      vertex -2.7059805007309854 2.7059805007309854 9.238795325112868
      vertex 0 -3.826834323650898 9.238795325112868
      vertex 0 3.826834323650898 9.238795325112868
    endloop
  endfacet
  facet normal 0 0 1
    outer loop
      vertex -2.7059805007309854 2.7059805007309854 9.238795325112868
      vertex -2.7059805007309854 -2.7059805007309854 9.238795325112868
      vertex 0 -3.826834323650898 9.238795325112868
    endloop
  endfacet
  facet normal 0 0 1
    outer loop
      vertex -2.7059805007309854 -2.7059805007309854 9.238795325112868
      vertex -2.7059805007309854 2.7059805007309854 9.238795325112868
      vertex -3.826834323650898 0 9.238795325112868
    endloop
  endfacet
  facet normal 0.6785983445458471 0.2810846377148203 0.6785983445458471
    outer loop
      vertex 6.532814824381883 6.532814824381883 3.826834323650898
      vertex 3.826834323650898 0 9.238795325112868
      vertex 9.238795325112868 0 3.826834323650898
    endloop
  endfacet
  facet normal 0.6785983445458471 0.2810846377148202 0.678598344545847
    outer loop
      vertex 3.826834323650898 0 9.238795325112868
      vertex 6.532814824381883 6.532814824381883 3.826834323650898
      vertex 2.7059805007309854 2.7059805007309854 9.238795325112868
    endloop
  endfacet
  facet normal 0.2810846377148203 0.6785983445458471 0.6785983445458471
    outer loop
      vertex 0 9.238795325112868 3.826834323650898
      vertex 2.7059805007309854 2.7059805007309854 9.238795325112868
      vertex 6.532814824381883 6.532814824381883 3.826834323650898
    endloop
  endfacet
  facet normal 0.2810846377148201 0.678598344545847 0.6785983445458469
    outer loop
      vertex 2.7059805007309854 2.7059805007309854 9.238795325112868
      vertex 0 9.238795325112868 3.826834323650898
      vertex 0 3.826834323650898 9.238795325112868
    endloop
  endfacet
  facet normal -0.28108463771481995 0.6785983445458471 0.6785983445458471
    outer loop
      vertex 0 9.238795325112868 3.826834323650898
      vertex -2.7059805007309854 2.7059805007309854 9.238795325112868
      vertex 0 3.826834323650898 9.238795325112868
    endloop
  endfacet
  facet normal -0.2810846377148202 0.6785983445458471 0.6785983445458471
    outer loop
      vertex -2.7059805007309854 2.7059805007309854 9.238795325112868
      vertex 0 9.238795325112868 3.826834323650898
      vertex -6.532814824381883 6.532814824381883 3.826834323650898
    endloop
  endfacet
  facet normal -0.6785983445458471 0.2810846377148203 0.6785983445458471
    outer loop
      vertex -9.238795325112868 0 3.826834323650898
      vertex -2.7059805007309854 2.7059805007309854 9.238795325112868
      vertex -6.532814824381883 6.532814824381883 3.826834323650898
    endloop
  endfacet
  facet normal -0.678598344545847 0.2810846377148201 0.6785983445458469
    outer loop
      vertex -2.7059805007309854 2.7059805007309854 9.238795325112868
      vertex -9.238795325112868 0 3.826834323650898
      vertex -3.826834323650898 0 9.238795325112868
    endloop
  endfacet
  facet normal -0.678598344545847 -0.2810846377148199 0.678598344545847
    outer loop
      vertex -9.238795325112868 0 3.826834323650898
      vertex -2.7059805007309854 -2.7059805007309854 9.238795325112868
      vertex -3.826834323650898 0 9.238795325112868
    endloop
  endfacet
  facet normal -0.6785983445458471 -0.2810846377148202 0.6785983445458471
    outer loop
      vertex -2.7059805007309854 -2.7059805007309854 9.238795325112868
      vertex -9.238795325112868 0 3.826834323650898
      vertex -6.532814824381883 -6.532814824381883 3.826834323650898
    endloop
  endfacet
  facet normal -0.2810846377148201 -0.678598344545847 0.6785983445458469
    outer loop
      vertex -2.7059805007309854 -2.7059805007309854 9.238795325112868
      vertex 0 -9.238795325112868 3.826834323650898
      vertex 0 -3.826834323650898 9.238795325112868
    endloop
  endfacet
  facet normal -0.2810846377148203 -0.6785983445458471 0.6785983445458471
    outer loop
      vertex 0 -9.238795325112868 3.826834323650898
      vertex -2.7059805007309854 -2.7059805007309854 9.238795325112868
      vertex -6.532814824381883 -6.532814824381883 3.826834323650898
    endloop
  endfacet
  facet normal 0.28108463771481995 -0.6785983445458471 0.6785983445458471
    outer loop
      vertex 0 -9.238795325112868 3.826834323650898
      vertex 2.7059805007309854 -2.7059805007309854 9.238795325112868
      vertex 0 -3.826834323650898 9.238795325112868
    endloop
  endfacet
  facet normal 0.2810846377148202 -0.6785983445458471 0.6785983445458471
    outer loop
      vertex 2.7059805007309854 -2.7059805007309854 9.238795325112868
      vertex 0 -9.238795325112868 3.826834323650898
      vertex 6.532814824381883 -6.532814824381883 3.826834323650898
    endloop
  endfacet
  facet normal 0.6785983445458471 -0.2810846377148203 0.6785983445458471
    outer loop
      vertex 3.826834323650898 0 9.238795325112868
      vertex 6.532814824381883 -6.532814824381883 3.826834323650898
      vertex 9.238795325112868 0 3.826834323650898
    endloop
  endfacet
  facet normal 0.678598344545847 -0.2810846377148201 0.6785983445458469
    outer loop
      vertex 6.532814824381883 -6.532814824381883 3.826834323650898
      vertex 3.826834323650898 0 9.238795325112868
      vertex 2.7059805007309854 -2.7059805007309854 9.238795325112868
    endloop
  endfacet
  facet normal 0.9238795325112867 0.3826834323650897 0
    outer loop
      vertex 9.238795325112868 0 3.826834323650898
      vertex 6.532814824381883 6.532814824381883 -3.826834323650898
      vertex 6.532814824381883 6.532814824381883 3.826834323650898
    endloop
  endfacet
  facet normal 0.9238795325112867 0.3826834323650897 0
    outer loop
      vertex 6.532814824381883 6.532814824381883 -3.826834323650898
      vertex 9.238795325112868 0 3.826834323650898
      vertex 9.238795325112868 0 -3.826834323650898
    endloop
  endfacet
  facet normal 0.3826834323650897 0.9238795325112867 0
    outer loop
      vertex 6.532814824381883 6.532814824381883 -3.826834323650898
      vertex 0 9.238795325112868 3.826834323650898
      vertex 6.532814824381883 6.532814824381883 3.826834323650898
    endloop
  endfacet
  facet normal 0.3826834323650897 0.9238795325112867 0
    outer loop
      vertex 0 9.238795325112868 3.826834323650898
      vertex 6.532814824381883 6.532814824381883 -3.826834323650898
      vertex 0 9.238795325112868 -3.826834323650898
    endloop
  endfacet
  facet normal -0.3826834323650897 0.9238795325112867 0
    outer loop
      vertex 0 9.238795325112868 -3.826834323650898
      vertex -6.532814824381883 6.532814824381883 3.826834323650898
      vertex 0 9.238795325112868 3.826834323650898
    endloop
  endfacet
  facet normal -0.3826834323650897 0.9238795325112867 0
    outer loop
      vertex -6.532814824381883 6.532814824381883 3.826834323650898
      vertex 0 9.238795325112868 -3.826834323650898
      vertex -6.532814824381883 6.532814824381883 -3.826834323650898
    endloop
  endfacet
  facet normal -0.9238795325112867 0.3826834323650897 0
    outer loop
      vertex -9.238795325112868 0 -3.826834323650898
      vertex -6.532814824381883 6.532814824381883 3.826834323650898
      vertex -6.532814824381883 6.532814824381883 -3.826834323650898
    endloop
  endfacet
  facet normal -0.9238795325112867 0.3826834323650897 0
    outer loop
      vertex -6.532814824381883 6.532814824381883 3.826834323650898
      vertex -9.238795325112868 0 -3.826834323650898
      vertex -9.238795325112868 0 3.826834323650898
    endloop
  endfacet
  facet normal -0.9238795325112867 -0.3826834323650897 0
    outer loop
      vertex -6.532814824381883 -6.532814824381883 -3.826834323650898
      vertex -9.238795325112868 0 3.826834323650898
      vertex -9.238795325112868 0 -3.826834323650898
    endloop
  endfacet
  facet normal -0.9238795325112867 -0.3826834323650897 0
    outer loop
      vertex -9.238795325112868 0 3.826834323650898
      vertex -6.532814824381883 -6.532814824381883 -3.826834323650898
      vertex -6.532814824381883 -6.532814824381883 3.826834323650898
    endloop
  endfacet
  facet normal -0.3826834323650897 -0.9238795325112867 0
    outer loop
      vertex -6.532814824381883 -6.532814824381883 -3.826834323650898
      vertex 0 -9.238795325112868 3.826834323650898
      vertex -6.532814824381883 -6.532814824381883 3.826834323650898
    endloop
  endfacet
  facet normal -0.3826834323650897 -0.9238795325112867 0
    outer loop
      vertex 0 -9.238795325112868 3.826834323650898
      vertex -6.532814824381883 -6.532814824381883 -3.826834323650898
      vertex 0 -9.238795325112868 -3.826834323650898
    endloop
  endfacet
  facet normal 0.3826834323650897 -0.9238795325112867 0
    outer loop
      vertex 0 -9.238795325112868 -3.826834323650898
      vertex 6.532814824381883 -6.532814824381883 3.826834323650898
      vertex 0 -9.238795325112868 3.826834323650898
    endloop
  endfacet
  facet normal 0.3826834323650897 -0.9238795325112867 0
    outer loop
      vertex 6.532814824381883 -6.532814824381883 3.826834323650898
      vertex 0 -9.238795325112868 -3.826834323650898
      vertex 6.532814824381883 -6.532814824381883 -3.826834323650898
    endloop
  endfacet
  facet normal 0.9238795325112867 -0.3826834323650897 0
    outer loop
      vertex 6.532814824381883 -6.532814824381883 3.826834323650898
      vertex 9.238795325112868 0 -3.826834323650898
      vertex 9.238795325112868 0 3.826834323650898
    endloop
  endfacet
  facet normal 0.9238795325112867 -0.3826834323650897 0
    outer loop
      vertex 9.238795325112868 0 -3.826834323650898
      vertex 6.532814824381883 -6.532814824381883 3.826834323650898
      vertex 6.532814824381883 -6.532814824381883 -3.826834323650898
    endloop
  endfacet
  facet normal 0.6785983445458471 0.2810846377148203 -0.6785983445458471
    outer loop
      vertex 3.826834323650898 0 -9.238795325112868
      vertex 6.532814824381883 6.532814824381883 -3.826834323650898
      vertex 9.238795325112868 0 -3.826834323650898
    endloop
  endfacet
  facet normal 0.678598344545847 0.2810846377148201 -0.6785983445458469
    outer loop
      vertex 6.532814824381883 6.532814824381883 -3.826834323650898
      vertex 3.826834323650898 0 -9.238795325112868
      vertex 2.7059805007309854 2.7059805007309854 -9.238795325112868
    endloop
  endfacet
  facet normal 0.2810846377148202 0.6785983445458471 -0.6785983445458471
    outer loop
      vertex 2.7059805007309854 2.7059805007309854 -9.238795325112868
      vertex 0 9.238795325112868 -3.826834323650898
      vertex 6.532814824381883 6.532814824381883 -3.826834323650898
    endloop
  endfacet
  facet normal 0.28108463771481995 0.6785983445458471 -0.6785983445458471
    outer loop
      vertex 0 9.238795325112868 -3.826834323650898
      vertex 2.7059805007309854 2.7059805007309854 -9.238795325112868
      vertex 0 3.826834323650898 -9.238795325112868
    endloop
  endfacet
  facet normal -0.2810846377148201 0.678598344545847 -0.6785983445458469
    outer loop
      vertex -2.7059805007309854 2.7059805007309854 -9.238795325112868
      vertex 0 9.238795325112868 -3.826834323650898
      vertex 0 3.826834323650898 -9.238795325112868
    endloop
  endfacet
  facet normal -0.2810846377148203 0.6785983445458471 -0.6785983445458471
    outer loop
      vertex 0 9.238795325112868 -3.826834323650898
      vertex -2.7059805007309854 2.7059805007309854 -9.238795325112868
      vertex -6.532814824381883 6.532814824381883 -3.826834323650898
    endloop
  endfacet
  facet normal -0.678598344545847 0.2810846377148199 -0.678598344545847
    outer loop
      vertex -9.238795325112868 0 -3.826834323650898
      vertex -2.7059805007309854 2.7059805007309854 -9.238795325112868
      vertex -3.826834323650898 0 -9.238795325112868
    endloop
  endfacet
  facet normal -0.6785983445458471 0.2810846377148202 -0.6785983445458471
    outer loop
      vertex -2.7059805007309854 2.7059805007309854 -9.238795325112868
      vertex -9.238795325112868 0 -3.826834323650898
      vertex -6.532814824381883 6.532814824381883 -3.826834323650898
    endloop
  endfacet
  facet normal -0.678598344545847 -0.2810846377148201 -0.6785983445458469
    outer loop
      vertex -2.7059805007309854 -2.7059805007309854 -9.238795325112868
      vertex -9.238795325112868 0 -3.826834323650898
      vertex -3.826834323650898 0 -9.238795325112868
    endloop
  endfacet
  facet normal -0.6785983445458471 -0.2810846377148203 -0.6785983445458471
    outer loop
      vertex -9.238795325112868 0 -3.826834323650898
      vertex -2.7059805007309854 -2.7059805007309854 -9.238795325112868
      vertex -6.532814824381883 -6.532814824381883 -3.826834323650898
    endloop
  endfacet
  facet normal -0.2810846377148202 -0.6785983445458471 -0.6785983445458471
    outer loop
      vertex -2.7059805007309854 -2.7059805007309854 -9.238795325112868
      vertex 0 -9.238795325112868 -3.826834323650898
      vertex -6.532814824381883 -6.532814824381883 -3.826834323650898
    endloop
  endfacet
  facet normal -0.28108463771481995 -0.6785983445458471 -0.6785983445458471
    outer loop
      vertex 0 -9.238795325112868 -3.826834323650898
      vertex -2.7059805007309854 -2.7059805007309854 -9.238795325112868
      vertex 0 -3.826834323650898 -9.238795325112868
    endloop
  endfacet
  facet normal 0.2810846377148201 -0.678598344545847 -0.6785983445458469
    outer loop
      vertex 2.7059805007309854 -2.7059805007309854 -9.238795325112868
      vertex 0 -9.238795325112868 -3.826834323650898
      vertex 0 -3.826834323650898 -9.238795325112868
    endloop
  endfacet
  facet normal 0.2810846377148203 -0.6785983445458471 -0.6785983445458471
    outer loop
      vertex 0 -9.238795325112868 -3.826834323650898
      vertex 2.7059805007309854 -2.7059805007309854 -9.238795325112868
      vertex 6.532814824381883 -6.532814824381883 -3.826834323650898
    endloop
  endfacet
  facet normal 0.6785983445458471 -0.2810846377148203 -0.6785983445458471
    outer loop
      vertex 6.532814824381883 -6.532814824381883 -3.826834323650898
      vertex 3.826834323650898 0 -9.238795325112868
      vertex 9.238795325112868 0 -3.826834323650898
    endloop
  endfacet
  facet normal 0.6785983445458471 -0.2810846377148202 -0.678598344545847
    outer loop
      vertex 3.826834323650898 0 -9.238795325112868
      vertex 6.532814824381883 -6.532814824381883 -3.826834323650898
      vertex 2.7059805007309854 -2.7059805007309854 -9.238795325112868
    endloop
  endfacet
  facet normal 0 0 -1
    outer loop
      vertex 2.7059805007309854 -2.7059805007309854 -9.238795325112868
      vertex 2.7059805007309854 2.7059805007309854 -9.238795325112868
      vertex 3.826834323650898 0 -9.238795325112868
    endloop
  endfacet
  facet normal 0 0 -1
    outer loop
      vertex 0 -3.826834323650898 -9.238795325112868
      vertex 2.7059805007309854 2.7059805007309854 -9.238795325112868
      vertex 2.7059805007309854 -2.7059805007309854 -9.238795325112868
    endloop
  endfacet
  facet normal 0 0 -1
    outer loop
      vertex 0 -3.826834323650898 -9.238795325112868
      vertex 0 3.826834323650898 -9.238795325112868
      vertex 2.7059805007309854 2.7059805007309854 -9.238795325112868
    endloop
  endfacet
  facet normal 0 0 -1
    outer loop
      vertex -2.7059805007309854 -2.7059805007309854 -9.238795325112868
      vertex 0 3.826834323650898 -9.238795325112868
      vertex 0 -3.826834323650898 -9.238795325112868
    endloop
  endfacet
  facet normal 0 0 -1
    outer loop
      vertex -2.7059805007309854 -2.7059805007309854 -9.238795325112868
      vertex -2.7059805007309854 2.7059805007309854 -9.238795325112868
      vertex 0 3.826834323650898 -9.238795325112868
    endloop
  endfacet
  facet normal 0 0 -1
    outer loop
      vertex -2.7059805007309854 2.7059805007309854 -9.238795325112868
      vertex -2.7059805007309854 -2.7059805007309854 -9.238795325112868
      vertex -3.826834323650898 0 -9.238795325112868
    endloop
  endfacet
endsolid OpenSCAD_Model
